
SEARCHING MATCHES FOR MT0000202045.mp3
[ 0.  0.  0.  0.  0.  1.  1.  0.  3.  0. -1.  1.  1.  0.  2.  3.  0.  0.
  0.  0.  0.  4.  1.  0.  2.  0.  0.  0.  0.  0.  1.  0.  0.  0.  1.  4.
  0.  0.  0.  1.  2.  0.  3.  1.  1.  1.  0.  1.  0.  1.  1.  1.  0.  2.
  9.  3.  1.  0.  0.  0.  0.  1.  0.  0.  0.  6.  2.  1.  0.  2.  0.  0.
  0.  0.  0.  0.  0.  2.  0.  0.  1.  0.  8.  3.  0.  1.  0.  0.  0.  0.
  0.  0.  5.  0.  0.  0.  4.  3.  1.  0.  0.  3.  1.  0.  0.  0.  0.  2.
  1.  0.  5.  0.  2.  0.  0.  0.  0.  0.  0.  0.  1.  0.  0.  0.  0.  1.
  0.  0.  0.  0.  1.  0.  0.  1.  0.  0.  0.  2.  0.  1.  0.  0.  0.  0.
  0.  0.  0.  1.  1.  0.  0.  0.  1.  0.  4.  0.  0.  0.  0.  0.  2.  0.
  0.  1.  1.  0.  1.  1.  0.  0.  3.  3.  6.  1.  0.  0.  0.  0.  8.  6.
  0.  0.  0.  0.  0.  1.  0.  0.  0.  0.  0.  0.  1.  0.  0.  0.  1.  1.
  0.  0.  0.  0.  0.  0.  0.  1.  0.  0.  0.  0.  0.  0.  2.  1.  1.  0.
  0.  0.  1.  0.  0.  0.  0.  0.  4.  0.  2.  0.  1.  0.  0.  0.  0.  0.
  0.  0.  0.  0.  2.  0.  0.  0.  0.  4.  0.  0.  0.  0.  3.  1.  0.  0.
  0.  0.  0.  2.  0.  0.  0.  0.  1.  0.  0.  0.  0.  1.  0.  0.  2.  0.
  1.  0.  0.  0.  0.  0.  1.  0.  0.  1.  0.  1.  0.  1.  0.  1.  6.  1.
  8.  0.  0.  1.  0.  0.  0.  1.  0.  1.  0.  1.  0.  0.  0.  1.  0.  1.
  0.  4.  0.  0.  0.  0.  0.  1.  0.  0.  0.  0.  1.  0.  1.  0.  6.  0.
  0.  0.  0.  0.  1.  0.  0.  0.  1.  0.  0.  4.  1.  5.  1.  0.  1.  0.
  0.  0.  0.  1.  1.  4.  3.  0.  0.  0.  0.  1.  0.  4.  0.  3.  1.  0.
  2.  0.  3.  0.  1.  1.  0.  1.  1.  1.  0.  1.  0.  0.  0.  0.  0.  1.
  1.  0.  0.  0.  0.  0.  0.  1.  0.  0.  0.  0.  0.  0.  0.  0.  3.  1.
  0.  0.  1.  0.  0.  2.  0.  2.  0.  1.  0.  1.  1.  0.  5.  1.  2.  0.
  0.  1.  0.  0.  0.  1.  0.  0.  0.  0.  0.  7.  0.  0.  0.  0.  8.  0.
  0.  0.  0.  0.  1.  0.  5.  0.  0.  1.  0.  0.  2.  0.  0.  0.  0.  0.
  0.  1.  0.  0.  0.  0.  0.  1.  0.  0.  1.  0.  0.  0.  1.  0.  0.  0.
  0.  0.  0.  0.  1.  0.  0.  3.  0.  0.  0.  0.  0.  0.  0.  0.  0.  1.
  0.  2.  0.  0.  0.  1.  1.  0.  0.  0.  0.  0.  0.  1.  0.  1.  0.  0.
  0.  0.  0.  0.  0.  0.  0.  0.  0.  0.  5.  2.  0.  0.  0.  0.  0.  0.
  0.  0.  3.  0.  1.  3.  1.  0.  1.  0.  1.  0.  0.  0.  0.  1.  0.  0.
  1.  0.  0.  0.  0.  0.  1.  0.  2.  1.  0.  2.  0.  5.  2.  1.  0.  4.
  1.  2.  1.  1.  0.  1.  1.  0.  5.  0.  0.  1.  0.  0.  0.  5.  0.  0.
  0.  0.  1.  0.  2.  3.  0.  0.  1.  0.  0.  0.  0.  0.  0.  0.  0.  0.
  0.  0.  3.  0.  0.  1.  0.  1.  0.  3.  0.  3.  1.  1.  1.  3.  7.  0.
  6.  0.  1.  0.  0.  0.  0.  1.  0.  0.  0.  0.  1.  0.  2.  0.  1.  1.
  1.  0.  3.  0.  0.  0.  3.  4.  0.  0.  1.  0.  1.  0.  0.  2.  4.  1.
  0.  0. 11.  0.  4.  1.  0.  1.  0.  0.  2.  0.  0.  0.  0.  3.  1.  0.
  1.  2.  0.  0.  0.  5.  0.  0.  1.  0.  0.  0.  1.  2.  2.  1.  0.  1.
  0.  0.  0.  4.  0.  0.  0.  3.  0.  0. 11.  2.  2.  0.  2.  0.  0.  0.
  0.  0.  1.  0.  0.  0.  0.  1.  0.  0.  0.  0.  0.  1.  2.  0.  0.  0.
  0.  1.  1.  2.  0.  0.  0.  2.  0.  0.  1.  0.  0.  0.  0.  3.  1.  4.
  0.  0.  2.  3.  0.  0.  0.  0.  0.  1.  1.  0.  0.  0.  1.  0.  1.  0.
  1.  2.  0.  0.  0.  1.  0.  0.  0.  0.  3.  0.  0.  0.  3.  4.  3.  1.
  0.  0.  0.  0.  2.  0.  5.  0.  0.  2.  1.  0.  3.  0.  1.  1.  1.  0.
  1.  1.  1.  0.  0.  3.  0.  1.  2.  0.  1.  1.  0.  4.  3.  4.  4.  0.
  1.  0.  0.  0.  0.  0.  4.  1.  0.  2.  0.  7.  0.  0.  1.  3.  0.  0.
  4.  1.  4.  2.  0.  2.  1.  3.  3.  8.  1.  0.  0.  0.  0.  2.  0.  1.
  0.  0.  1.  1.  0.  0.  0.  0.  1.  0.  0.  0.  0.  2.  0.  4.  0.  2.
  0.  0.  4.  0.  0.  1.  1.  0.  3.  1.  0.  0.  3.  1.  4.  7.  4.  3.
  0.  1.  0.  6.  0.  0.  0.  0.  1.  3.  1.  0.  0.  0.  1.  1.  0.  0.]

TOP 20 FOR MT0000202045.mp3
MT0014475915 | MT0012862507 | MT0000888329 | MT0007556029 | MT0031898123 | MT0004867564 | MT0001494812 | MT0003022328 | MT0011922905 | MT0030369896 | MT0007453719 | MT0034186620 | MT0004850690 | MT0011938737 | MT0034577404 | MT0003025046 | MT0005285696 | MT0002846256 | MT0001058887 | MT0007766156 | 
----------------------------------------------------------------

SEARCHING MATCHES FOR MT0000379144.mp3
[ 2.  0.  0.  0.  3.  0.  0.  1.  0.  0.  0.  1.  1.  0.  0.  1.  0.  1.
  1.  2.  3.  0.  0.  0.  0.  0. -1.  0.  0.  1.  0.  0.  3.  0.  0.  1.
  1.  3.  0.  0.  0.  1.  0.  0.  0.  0.  0.  0.  4.  0.  0.  1.  3.  0.
  0.  0.  0.  1.  1.  0.  0.  0.  0.  2.  1.  1.  0.  0.  3.  0.  0.  0.
  1.  3.  0.  0.  0.  0.  1.  0.  0.  4.  1.  0.  1.  0.  1.  4.  1.  1.
  2.  0.  0.  0.  0.  2.  0.  0.  0.  0.  1.  0.  0.  0.  0.  0.  0.  0.
  3.  1.  0.  1.  0.  0.  1.  1.  0.  4.  4.  0.  0.  2.  2.  1.  0.  0.
  3.  0.  1.  0.  1.  0.  1.  1.  3.  1.  0.  0.  1.  1.  1.  0.  0.  1.
  0.  0.  0.  0.  0.  3.  0.  0.  0.  2.  1.  0.  1.  0.  0.  3.  0.  0.
  0.  4.  0.  0.  0.  0.  1.  0.  1.  0.  0.  0.  1.  0.  3.  0.  0.  0.
  1.  1.  0.  1.  2.  0.  4.  1.  0.  0.  0.  0.  0.  0.  1.  0.  0.  0.
  0.  1.  0.  0.  0.  1.  3.  1.  1.  1.  2.  2.  3.  0.  0.  0.  1.  1.
  1.  0.  0.  0.  1.  1.  0.  0.  0.  0.  0.  0.  0.  0.  1.  3.  4.  0.
  0.  1.  1.  0.  0.  0.  0.  0.  0.  0.  0.  0.  1.  0.  0.  0.  0.  4.
  0.  1.  3.  0.  4.  1.  0.  0.  0.  0.  1.  1.  0.  0.  0.  0.  1.  0.
  0.  2.  0.  0.  1.  2.  0.  0.  0.  0.  0.  0.  1.  0.  3.  1.  0.  0.
  0.  2.  1.  0.  1.  0.  0.  0.  3.  1.  1.  0.  0.  0.  0.  0.  0.  0.
  4.  0.  1.  4.  0.  3.  0.  1.  2.  1.  0.  4.  1.  1.  0.  1.  0.  0.
  0.  0.  0.  0.  0.  1.  1.  0.  0.  0.  0.  0.  0.  0.  0.  0.  0.  0.
  0.  0.  0.  0.  0.  0.  0.  0.  0.  1.  3.  1.  0.  0.  0.  1.  0.  1.
  0.  1.  1.  0.  0.  0.  0.  1.  1.  3.  0.  0.  0.  1.  0.  0.  1.  0.
  0.  0.  1.  0.  0.  0.  0.  1.  0.  0.  2.  0.  0.  3.  0.  0.  0.  0.
  1.  0.  0.  0.  1.  0.  1.  0.  0.  1.  3.  1.  0.  0.  0.  0.  0.  2.
  4.  0.  4.  1.  0.  0.  1.  0.  1.  0.  0.  0.  1.  2.  0.  2.  0.  2.
  2.  0.  4.  2.  0.  1.  0.  1.  0.  0.  0.  1.  1.  0.  2.  2.  2.  0.
  0.  0.  4.  0.  0.  0.  0.  1.  0.  0.  0.  1.  0.  0.  0.  1.  0.  0.
  1.  0.  0.  0.  0.  0.  0.  0.  4.  2.  0.  0.  1.  1.  3.  2.  1.  0.
  0.  1.  0.  1.  1.  0.  0.  0.  0.  1.  0.  2.  0.  0.  0.  0.  0.  3.
  1.  1.  0.  3.  2.  0.  1.  1.  1.  0.  0.  0.  0.  0.  0.  0.  1.  0.
  1.  0.  0.  1.  0.  0.  0.  0.  1.  0.  0.  0.  1.  1.  1.  0.  0.  0.
  0.  0.  1.  0.  0.  0.  0.  0.  0.  0.  1.  0.  3.  0.  0.  0.  3.  0.
  0.  0.  0.  0.  0.  0.  0.  5.  0.  4.  1.  0.  0.  3.  1.  0.  0.  1.
  0.  0.  0.  0.  0.  0.  4.  1.  0.  3.  0.  0.  0.  0.  0.  0.  1.  1.
  3.  0.  0.  0.  0.  0.  1.  0.  0.  0.  3.  0.  1.  0.  0.  0.  0.  0.
  0.  0.  1.  0.  0.  4.  1.  0.  1.  0.  0.  1.  0.  0.  0.  2.  0.  0.
  0.  0.  0.  4.  3.  0.  0.  0.  0.  0.  0.  1.  0.  1.  0.  0.  0.  0.
  0.  0.  0.  0.  0.  0.  0.  0.  1.  5.  0.  0.  4.  3.  3.  0.  0.  4.
  0.  0.  0.  0.  0.  1.  5.  0.  0.  1.  0.  0.  0.  0.  0.  1.  1.  0.
  0.  0.  0.  0.  2.  2.  1.  0.  0.  1.  0.  0.  0.  1.  1.  6.  1.  0.
  1.  1.  0.  1.  1.  3.  0.  0.  0.  0.  1.  1.  0.  1.  0.  1.  1.  0.
  1.  0.  0.  3.  3.  0.  1.  0.  2.  1.  0.  0.  0.  0.  0.  0.  0.  0.
  0.  0.  0.  0.  0.  0.  0.  0.  1.  0.  0.  0.  2.  2.  0.  3.  1.  0.
  0.  0.  0.  0.  3.  1.  0.  0.  1.  0.  0.  0.  0.  0.  0.  0.  0.  0.
  0.  0.  0.  0.  0.  0.  1.  0.  0.  0.  0.  0.  0.  0.  1.  0.  0.  1.
  0.  0.  1.  1.  0.  0.  0.  0.  0.  0.  1.  0.  4.  0.  0.  0.  0.  0.
  0.  0.  0.  3.  3.  0.  0.  0.  1.  0.  1.  0.  1.  1.  0.  0.  1.  1.
  0.  0.  0.  1.  3.  0.  0.  0.  0.  0.  0.  0.  6.  0.  0.  0.  0.  0.
  0.  0.  0.  1.  0.  0.  0.  3.  1.  1.  0.  0.  3.  0.  1.  0.  0.  0.
  0.  0.  0.  0.  0.  0.  0.  0.  0.  0.  0.  2.  0.  0.  1.  0.  0.  0.
  0.  0.  1.  0.  0.  0.  3.  1.  0.  0.  1.  0.  1.  0.  0.  0.  0.  1.]

TOP 20 FOR MT0000379144.mp3
MT0031951901 | MT0014584473 | MT0013080259 | MT0013416300 | MT0011032905 | MT0005157391 | MT0005253065 | MT0008170600 | MT0007652281 | MT0007349999 | MT0007338724 | MT0001526386 | MT0004287283 | MT0005115042 | MT0004131058 | MT0001929641 | MT0001934726 | MT0003863509 | MT0029877658 | MT0003114552 | 
----------------------------------------------------------------

SEARCHING MATCHES FOR MT0000414517.mp3
[ 1.  1.  0.  8.  0.  1.  1.  0.  0.  0.  0.  0.  0.  0.  0.  0.  1.  0.
  0.  1.  1.  0.  0.  2.  1.  1.  0.  2. -1.  1.  0.  2.  1.  1.  1.  0.
  1.  0.  2.  1.  1.  0.  0.  2.  2.  1.  0.  0.  2.  0.  0.  1.  1.  1.
  0.  0.  0.  1.  1.  0.  2.  1.  1.  1.  1.  0.  0.  2.  0.  1.  1.  1.
  1.  0.  1.  2.  0.  1.  1.  0.  1.  0.  0.  0.  1.  2.  1.  0.  1.  0.
  1.  2.  0.  1.  1.  0.  0.  0.  1.  1.  1.  0.  2.  3.  3.  2.  0.  1.
  0.  0.  0.  0.  0.  1.  1.  1.  1.  0.  0.  0.  0.  0.  1.  1.  0.  1.
  1.  1.  1.  3.  0.  3.  0.  1.  0.  0.  1.  0.  0.  0.  1.  2.  8.  0.
  1.  3.  1.  2.  1.  1.  1.  2.  0.  0.  1.  1.  0.  1.  2.  1.  1.  2.
  0.  0.  0.  1.  0.  0.  0.  2.  0.  0.  0.  1.  1.  1.  0.  0.  2.  0.
  0.  0.  1.  0.  0.  0.  0.  0.  0.  1.  2.  1.  1.  3.  1.  1.  1.  0.
  3.  1.  0.  0.  1.  0.  0.  1.  2.  1.  0.  1.  0.  0.  1.  0.  0.  1.
  1.  1.  2.  1.  0.  2.  0.  1.  0.  1.  0.  1.  0.  1.  1.  0.  0.  2.
  1.  0.  1.  8.  1.  1.  1.  0.  1.  1.  3.  1.  1.  1.  0.  2.  2.  2.
  3.  2.  0.  0.  0.  0.  0.  0.  2.  2.  0.  1.  1.  2.  2.  1.  0.  0.
  1.  1.  1.  3.  2.  1.  2.  1.  3.  0.  0.  0.  1.  1.  0.  1.  0.  0.
  0.  0.  1.  1.  1.  0.  1.  0.  2.  0.  1.  1.  1.  0.  0.  1.  3.  1.
  0.  0.  1.  2.  1.  0.  1.  0.  0.  1.  2.  0.  0.  0.  2.  1.  0.  1.
  1.  0.  1.  2.  0.  1.  1.  0.  0.  0.  0.  2.  1.  0.  0.  1.  0.  3.
  2.  0.  1.  1.  1.  0.  0.  0.  0.  0.  0.  1.  0.  0.  1.  0.  1.  0.
  0.  0.  0.  0.  3.  0.  2.  0.  0.  0.  1.  1.  1.  2.  1.  0.  1.  0.
  1.  2.  0.  1.  1.  1.  0.  0.  1.  1.  0.  0.  0.  0.  0.  0.  0.  0.
  1.  1.  1.  0.  0.  1.  2.  1.  1.  0.  0.  0.  1.  1.  0.  1.  0.  0.
  1.  1.  0.  0.  0.  2.  0.  0.  0.  2.  2.  2.  0.  0.  0.  0.  0.  0.
  0.  1.  0.  1.  0.  0.  1.  1.  0.  2.  4.  1.  0.  0.  1.  1.  1.  0.
  0.  1.  0.  0.  4.  1.  2.  1.  1.  0.  1.  1.  1.  1.  0.  0.  0.  1.
  0.  2.  1.  1.  1.  1.  3.  1.  0.  0.  0.  0.  1.  3.  1.  0.  3.  1.
  1.  0.  1.  0.  0.  1.  1.  3.  1.  2.  0.  1.  0.  1.  1.  0.  1.  0.
  1.  0.  0.  0.  0.  0.  1.  0.  0.  3.  0.  0.  0.  2.  2.  2.  0.  1.
  1.  0.  0.  1.  2.  1.  0.  2.  0.  2.  0.  0.  2.  0.  1.  1.  8.  8.
  0.  3.  0.  0.  1.  0.  0.  2.  1.  0.  0.  1.  1.  1.  1.  0.  0.  1.
  1.  4.  0.  3.  0.  0.  0.  0.  1.  0.  0.  1.  0.  0.  1.  1.  0.  0.
  0.  0.  2.  0.  1.  0.  0.  0.  0.  0.  0.  0.  2.  2.  1.  2.  1.  1.
  0.  0.  0.  2.  1.  1.  0.  0.  1.  1.  0.  0.  0.  1.  1.  0.  0.  3.
  0.  1.  1.  0.  1.  0.  0.  2.  1.  0.  0.  0.  0.  1.  0.  0.  0.  1.
  0.  2.  1.  0.  0.  8.  0.  0.  1.  3.  3.  0.  0.  1.  3.  0.  0.  3.
  2.  1.  0.  0.  0.  0.  0.  0.  1.  0.  0.  1.  0.  0.  1.  0.  1.  1.
  1.  0.  2.  1.  1.  0.  0.  0.  1.  2.  0.  2.  1.  0.  0.  0.  2.  0.
  0.  1.  2.  1.  1.  1.  0.  0.  0.  0.  0.  0.  2.  2.  0.  0.  2.  1.
  2.  0.  0.  0.  0.  0.  1.  0.  1.  1.  1.  0.  3.  0.  1.  1.  0.  2.
  0.  1.  1.  0.  1.  1.  1.  0.  0.  1.  1.  1.  1.  0.  0.  0.  0.  1.
  2.  0.  0.  0.  1.  1.  1.  1.  2.  1.  2.  2.  1.  2.  0.  1.  2.  1.
  2.  0.  1.  0.  0.  0.  0.  1.  2.  8.  0.  3.  0.  3.  0.  1.  1.  2.
  0.  0.  0.  2.  0.  1.  0.  2.  0.  1.  1.  0.  1.  2.  1.  0.  1.  0.
  0.  0.  0.  1.  1.  0.  0.  1.  0.  0.  0.  2.  1.  2.  0.  0.  0.  0.
  0.  0.  0.  0.  0.  0.  1.  2.  1.  0.  0.  0.  0.  0.  1.  0.  2.  1.
  0.  1.  0.  2.  1.  0.  0.  1.  0.  1.  3.  0.  0.  1.  2.  2.  1.  0.
  2.  1.  0.  2.  0.  0.  1.  0.  0.  0.  0.  0.  1.  0.  2.  0.  8.  1.
  2.  1.  0.  1.  2.  1.  0.  0.  0.  0.  1.  0.  0.  1.  0.  0.  0.  0.
  0.  2.  0.  1.  0.  0.  0.  1.  0.  0.  1.  0.  0.  0.  0.  0.  1.  0.]

TOP 20 FOR MT0000414517.mp3
MT0010489498 | MT0000040632 | MT0010487769 | MT0012331779 | MT0027048677 | MT0033397838 | MT0002222957 | MT0003949060 | MT0007840454 | MT0008222676 | MT0010900969 | MT0003286463 | MT0003243311 | MT0015005100 | MT0002033629 | MT0004141823 | MT0027159893 | MT0009729892 | MT0004751933 | MT0006315323 | 
----------------------------------------------------------------

SEARCHING MATCHES FOR MT0000956340.mp3
[ 0.  1.  3.  0.  0.  0.  0.  0.  1.  6.  0.  0.  1.  2.  0.  0.  0.  0.
  1.  0.  0.  0.  0.  0.  0.  4.  0.  0.  0.  2.  1.  0.  0.  1.  0.  0.
  0.  0.  0.  0.  0.  0.  0.  0.  0.  0.  3.  2.  0.  0.  0.  0.  0.  0.
  0.  1.  0.  0.  0. -1.  3.  0.  0.  0.  0.  0.  0.  0.  0.  0.  1.  0.
  0.  1.  0.  0.  3.  0.  0.  1.  0.  0.  0.  0.  0.  0.  0.  0.  0.  0.
  3.  0.  0.  0.  1.  2.  0.  0.  0.  0.  0.  0.  1.  0.  0.  0.  1.  0.
  0.  0.  0.  0.  0.  7.  0.  0.  7.  0.  0.  3.  0.  2.  0.  0.  3.  0.
  0.  1.  0.  0.  1.  0.  1.  0.  1.  1.  0.  0.  3.  0.  0.  0.  0.  3.
  0.  0.  1.  0.  6.  0.  1.  0.  3.  1.  0.  5.  0.  0.  0.  0.  0.  0.
  2.  2.  0.  0.  0.  0.  1.  0.  1.  0.  0.  0.  0.  1.  0.  3.  0.  0.
  0.  0.  0.  0.  0.  3.  0.  1.  2.  0.  0.  1.  0.  0.  0.  3.  0.  0.
  1.  0.  2.  3.  2.  0.  1.  0.  0.  0.  0.  0.  0.  1.  0.  1.  0.  0.
  0.  1.  0.  0.  2.  0.  3.  0.  0.  0.  0.  1.  4.  0.  0.  3.  0.  1.
  0.  0.  2.  0.  0.  1.  1.  2.  0.  0.  0.  1.  0.  5.  0.  0.  0.  0.
  0.  0.  0.  1.  0.  1.  9.  3.  0.  0.  0.  0.  1.  0.  7.  1.  1.  3.
  0.  0.  1.  0.  0.  0.  0.  1.  0.  0.  1.  4.  2.  0.  0.  0.  0.  3.
  0.  2.  0.  0.  0.  2.  1.  2.  0.  0.  0.  0.  1.  1.  5.  1.  0.  0.
  0.  0.  0.  0.  0.  1.  1.  1.  0.  0.  0.  0.  0.  0.  0.  0.  0.  0.
  1.  5.  0.  0.  2.  0.  0.  3.  0.  1.  2.  0.  2.  0.  1.  0.  0.  0.
  0.  1.  0.  0.  0.  0.  0.  6.  4.  0.  1.  0.  1.  0.  1.  0.  0.  0.
  0.  0.  0.  3.  0.  0.  0.  1.  0.  0.  1.  4.  3.  0.  1.  2.  0.  3.
  4.  1.  0.  1.  1.  0.  2.  0.  1.  3.  1.  1.  2.  1.  3.  3.  0.  0.
  0.  0.  0.  3.  0.  0.  0.  0.  0.  0.  0.  0.  0.  0.  0.  0.  0.  0.
  0.  0.  0.  0.  1.  4.  0.  1.  0.  0.  0.  0.  0.  0.  2.  0.  0.  0.
  0.  1.  0.  5.  2.  0.  0.  1.  2.  0.  0.  0.  1.  1.  0.  0.  0.  3.
  1.  0.  0.  1.  0.  0.  0.  0.  1.  3.  0.  0.  0.  1.  2.  1.  5.  1.
  5.  0.  1.  0.  0.  0.  0.  0.  0.  0.  1.  5.  0.  0.  0.  0.  0.  5.
  1.  0.  5.  0.  1.  0.  0.  0.  0.  0.  7.  0.  3.  0.  1.  2.  3.  0.
  0.  0.  1.  0.  0.  2.  0.  0.  0.  0.  0.  0.  1.  0.  0.  0.  6.  0.
  0.  2.  0.  0.  2.  0.  6.  0.  0.  0.  3.  2.  0.  0.  0.  0.  0.  0.
  3.  0.  2.  4.  0.  4.  0.  0.  0.  3.  1.  0.  2.  0.  0.  0.  1.  0.
  7.  0.  0.  0.  3.  0.  0.  0.  0.  0.  2.  0.  3.  0.  1.  0.  1.  0.
  3.  5.  0.  3.  0.  0.  0.  0.  3.  0.  1.  2.  0.  0.  0.  0.  0.  0.
  0.  2.  0.  0.  0.  0.  1.  0.  0.  0.  0.  0.  0.  0.  0.  0.  0.  0.
  0.  0.  0.  2.  3.  0.  5.  0.  0.  7.  4.  0.  0.  0.  0.  3.  1.  0.
  2.  0.  0.  0.  1.  0.  0.  0.  1.  0.  0.  0.  2.  1.  0.  0.  0.  0.
  0.  2.  0.  2.  0.  0.  7.  1.  0.  0.  0.  0.  0.  1.  0.  0.  0.  0.
  0.  0.  3.  0.  1.  0.  0.  2.  0.  0.  3.  0.  0.  0.  0.  4.  0.  1.
  1.  9.  0.  0.  0.  0.  0.  1.  2.  0.  0.  0.  0.  0.  0.  0.  0.  9.
  0.  0.  3.  4.  4.  0.  6.  2.  8.  3.  5.  2.  0.  0.  0.  0.  3.  6.
  1.  0.  0.  0.  0.  0.  0.  0.  1.  0.  0.  0.  6.  3. 10.  0.  0.  0.
  0.  3.  2.  0.  0.  0.  0.  0.  0.  0.  0.  0.  0.  6.  0.  0.  0.  1.
  0.  0.  0.  2.  0.  0.  1.  0.  0.  0.  0.  0.  3.  0.  0.  0.  0.  3.
  1.  1.  2.  0.  0.  1.  0.  0.  1.  0.  0.  3.  0.  0.  0.  2.  0.  0.
  0.  3.  0.  1.  0.  0.  7.  0.  0.  3.  1.  0.  0.  0.  0.  1.  0.  2.
  4.  2.  3.  1.  1.  2.  0.  0.  0.  0.  1.  0.  1.  1.  0.  0.  0.  0.
  0.  0.  0.  0.  0.  0.  0.  0.  0.  0.  0.  2.  0.  0.  0.  1.  0.  5.
  0.  0.  0.  0.  6.  2.  8.  0.  1.  0.  1.  1.  0.  0.  0.  0.  0.  0.
  0.  0.  0.  0.  0.  0.  0.  3.  0.  0.  0.  0.  0.  0.  0.  0.  0.  0.
  2.  0.  0.  0.  1.  5.  0.  0.  5.  0.  0.  2.  0.  3.  3.  1.  0.  3.]

TOP 20 FOR MT0000956340.mp3
MT0016743722 | MT0014615863 | MT0013885218 | MT0004293364 | MT0033097471 | MT0014845647 | MT0012001409 | MT0001927746 | MT0001891229 | MT0010897525 | MT0029099688 | MT0012914763 | MT0004459450 | MT0009217411 | MT0005897799 | MT0032957418 | MT0014817509 | MT0015541501 | MT0002372242 | MT0015962332 | 
----------------------------------------------------------------
